flow 1 (offset, delay, period) = (0, 3, 3) succ_prob = 0.3
flow 2 (offset, delay, period) = (0, 2, 3) succ_prob = 0.6

Rec_optimal_throughput_per_flow =

  -21.9094    0.9360
    0.3780    0.9360
    0.3780    0.9360
    0.3780    0.9360
    0.3780    0.9360
    0.3780    0.9360
    0.4118    0.9042
    0.4571    0.8615
    0.4571    0.8615
    0.4571    0.8615
    0.4571    0.8615
    0.4714    0.8308
    0.5142    0.7385
    0.5571    0.6462
    0.5999    0.5539
    0.6428    0.4616
    0.6570    0.4309
    0.6570    0.4309
    0.6570    0.4309
    0.6570    0.4309
    0.6570  -21.4172