N_flow=2, N_lambda_instance=1

n_flow=2
Flow 1: (offset, period, delay, success_prob, arrival_prob) = (0, 4, 4, 0.200000, 1.000000)
Flow 2: (offset, period, delay, success_prob, arrival_prob) = (0, 4, 4, 0.200000, 1.000000)
lambda=[1.000000, 1.000000, ]
x=0.096400, r0_opt=0.100000, ratio=1.037344
elapsed time  4.385140 seconds
ration=[1.037344,1.037344,]
