N_flow=2, N_lambda_instance=1

n_flow=2
Flow 1: (offset, period, delay, success_prob, arrival_prob) = (0, 4, 4, 0.450000, 1.000000)
Flow 2: (offset, period, delay, success_prob, arrival_prob) = (0, 4, 4, 0.450000, 1.000000)
lambda=[1.000000, 1.000000, ]
x=0.189689, r0_opt=0.205313, ratio=1.082363
elapsed time  1.820121 seconds
ration=[1.082363,1.082363,]
